(5, 0, 0, 2)
(3, 6, 2, 0)
(4, 5, 2, 6)
(0, 2, 1, 5)
(2, 6, 7, 2)
(7, 6, 7, 6)
(0, 6, 7, 0)
(2, 7, 2, 6)
(2, 0, 3, 7)
(1, 7, 1, 0)
(7, 7, 5, 7)
(7, 4, 4, 7)
(7, 7, 6, 4)
(2, 0, 0, 7)
(3, 3, 7, 0)
(1, 0, 6, 3)
(5, 5, 6, 0)
(4, 2, 4, 5)
(6, 3, 3, 7)
(0, 6, 7, 3)
(7, 6, 4, 6)
(6, 6, 3, 6)
(6, 3, 6, 6)
(4, 4, 7, 3)
(3, 5, 5, 0)
(7, 1, 7, 5)
(4, 7, 5, 1)
(3, 4, 2, 7)
(6, 0, 5, 4)
(7, 3, 0, 0)
(5, 6, 1, 0)
(7, 2, 2, 6)
(5, 0, 0, 2)
(2, 5, 0, 0)
(5, 4, 1, 5)
(0, 3, 6, 4)

(5, 0, 0, 2)
(3, 6, 2, 0)
(4, 5, 2, 6)
(0, 2, 1, 5)
(2, 6, 7, 2)
(7, 6, 7, 6)
(0, 6, 7, 0)
(2, 7, 2, 6)
(2, 0, 3, 7)
(1, 7, 1, 0)
(7, 7, 5, 7)
(7, 4, 4, 7)
(7, 7, 6, 4)
(2, 0, 0, 7)
(3, 3, 7, 0)
(1, 0, 6, 3)
(5, 5, 6, 0)
(4, 2, 4, 5)
(6, 3, 3, 7)
(0, 6, 7, 3)
(7, 6, 4, 6)
(6, 6, 3, 6)
(6, 3, 6, 6)
(4, 4, 7, 3)
(3, 5, 5, 0)
(7, 1, 7, 5)
(4, 7, 5, 1)
(3, 4, 2, 7)
(6, 0, 5, 4)
(7, 3, 0, 0)
(5, 6, 1, 0)
(7, 2, 2, 6)
(5, 0, 0, 2)
(2, 5, 0, 0)
(5, 4, 1, 5)
(0, 3, 6, 4)

(5, 0, 0, 2)
(3, 6, 2, 0)
(4, 5, 2, 6)
(0, 2, 1, 5)
(2, 6, 7, 2)
(7, 6, 7, 6)
(0, 6, 7, 0)
(2, 7, 2, 6)
(2, 0, 3, 7)
(1, 7, 1, 0)
(7, 7, 5, 7)
(7, 4, 4, 7)
(7, 7, 6, 4)
(2, 0, 0, 7)
(3, 3, 7, 0)
(1, 0, 6, 3)
(5, 5, 6, 0)
(4, 2, 4, 5)
(6, 3, 3, 7)
(0, 6, 7, 3)
(7, 6, 4, 6)
(6, 6, 3, 6)
(6, 3, 6, 6)
(4, 4, 7, 3)
(3, 5, 5, 0)
(7, 1, 7, 5)
(4, 7, 5, 1)
(3, 4, 2, 7)
(6, 0, 5, 4)
(7, 3, 0, 0)
(5, 6, 1, 0)
(7, 2, 2, 6)
(5, 0, 0, 2)
(2, 5, 0, 0)
(5, 4, 1, 5)
(0, 3, 6, 4)

(5, 0, 0, 2)
(3, 6, 2, 0)
(4, 5, 2, 6)
(0, 2, 1, 5)
(2, 6, 7, 2)
(7, 6, 7, 6)
(0, 6, 7, 0)
(2, 7, 2, 6)
(2, 0, 3, 7)
(1, 7, 1, 0)
(7, 7, 5, 7)
(7, 4, 4, 7)
(7, 7, 6, 4)
(2, 0, 0, 7)
(3, 3, 7, 0)
(1, 0, 6, 3)
(5, 5, 6, 0)
(4, 2, 4, 5)
(6, 3, 3, 7)
(0, 6, 7, 3)
(7, 6, 4, 6)
(6, 6, 3, 6)
(6, 3, 6, 6)
(4, 4, 7, 3)
(3, 5, 5, 0)
(7, 1, 7, 5)
(4, 7, 5, 1)
(3, 4, 2, 7)
(6, 0, 5, 4)
(7, 3, 0, 0)
(5, 6, 1, 0)
(7, 2, 2, 6)
(5, 0, 0, 2)
(2, 5, 0, 0)
(5, 4, 1, 5)
(0, 3, 6, 4)

