(2, 8, 9, 3)
(8, 0, 1, 8)
(2, 1, 0, 0)
(8, 9, 6, 1)
(7, 2, 6, 9)
(8, 0, 9, 2)
(9, 3, 7, 8)
(1, 3, 3, 3)
(0, 4, 3, 3)
(6, 8, 7, 4)
(6, 8, 8, 8)
(9, 3, 2, 8)
(7, 7, 7, 9)
(3, 3, 9, 7)
(3, 7, 4, 3)
(7, 2, 7, 7)
(8, 5, 6, 2)
(2, 3, 9, 5)
(7, 8, 4, 8)
(9, 3, 2, 8)
(4, 6, 0, 3)
(7, 7, 5, 6)
(6, 8, 2, 7)
(9, 3, 2, 8)
(4, 8, 8, 1)
(2, 5, 1, 8)
(0, 0, 8, 5)
(5, 1, 0, 0)
(2, 6, 9, 1)
(2, 1, 4, 6)
(8, 5, 6, 3)
(1, 7, 1, 5)
(8, 8, 3, 7)
(0, 8, 9, 8)
(9, 3, 2, 8)
(4, 0, 7, 3)
(2, 8, 9, 3)
(8, 0, 1, 8)
(2, 1, 0, 0)
(8, 9, 6, 1)
(7, 2, 6, 9)
(8, 0, 9, 2)
(9, 3, 7, 8)
(1, 3, 3, 3)
(0, 4, 3, 3)
(6, 8, 7, 4)
(6, 8, 8, 8)
(9, 3, 2, 8)
(7, 7, 7, 9)
(3, 3, 9, 7)
(3, 7, 4, 3)
(7, 2, 7, 7)
(8, 5, 6, 2)
(2, 3, 9, 5)
(7, 8, 4, 8)
(9, 3, 2, 8)
(4, 6, 0, 3)
(7, 7, 5, 6)
(6, 8, 2, 7)
(9, 3, 2, 8)
(4, 8, 8, 1)
(2, 5, 1, 8)
(0, 0, 8, 5)
(5, 1, 0, 0)
(2, 6, 9, 1)
(2, 1, 4, 6)
(8, 5, 6, 3)
(1, 7, 1, 5)
(8, 8, 3, 7)
(0, 8, 9, 8)
(9, 3, 7, 8)
(4, 0, 7, 3)
(2, 8, 9, 3)
(8, 0, 1, 8)
(2, 1, 0, 0)
(8, 9, 6, 1)
(7, 2, 6, 9)
(8, 0, 9, 2)
(9, 3, 7, 8)
(1, 3, 3, 3)
(0, 4, 3, 3)
(6, 8, 7, 4)
(6, 8, 8, 8)
(9, 3, 2, 8)
(7, 7, 7, 9)
(3, 3, 9, 7)
(3, 7, 4, 3)
(7, 2, 7, 7)
(8, 5, 6, 2)
(2, 3, 9, 5)
(7, 8, 4, 8)
(9, 3, 2, 8)
(4, 6, 0, 3)
(7, 7, 5, 6)
(6, 8, 2, 7)
(9, 3, 2, 8)
(4, 8, 8, 1)
(2, 5, 1, 8)
(0, 0, 8, 5)
(5, 1, 0, 0)
(2, 6, 9, 1)
(2, 1, 4, 6)
(8, 5, 7, 3)
(1, 7, 1, 5)
(8, 8, 3, 7)
(0, 8, 9, 8)
(9, 3, 2, 8)
(4, 0, 7, 3)
(2, 8, 9, 3)
(8, 0, 1, 8)
(2, 1, 0, 0)
(8, 9, 6, 1)
(7, 2, 6, 9)
(8, 0, 9, 2)
(9, 3, 7, 8)
(1, 3, 3, 3)
(0, 4, 3, 3)
(6, 8, 7, 4)
(6, 8, 8, 8)
(9, 3, 2, 8)
(7, 7, 7, 9)
(3, 3, 9, 7)
(3, 7, 4, 3)
(7, 2, 7, 7)
(8, 5, 6, 2)
(2, 3, 9, 5)
(7, 8, 4, 8)
(9, 3, 2, 8)
(4, 6, 0, 3)
(7, 7, 5, 6)
(6, 8, 2, 7)
(9, 3, 2, 8)
(4, 8, 8, 1)
(2, 5, 1, 8)
(0, 0, 8, 5)
(5, 1, 0, 0)
(2, 6, 9, 1)
(2, 1, 4, 6)
(8, 5, 7, 3)
(1, 7, 1, 5)
(8, 8, 3, 7)
(0, 8, 9, 8)
(9, 3, 7, 8)
(4, 0, 7, 3)
